0,545
107,46
107,45
107,44
107,43
107,42
107,41
107,40
107,39
107,38
107,37
107,36
107,35
9,5
9,1
9,7
9,2
9,3
8,10
8,13
8,7
8,15
8,5
8,1
8,14
8,2
8,3
12,2
12,1
12,3
20,2
20,1
20,3
19,2
19,1
19,3
18,1
18,3
14,1
14,4
14,3
13,1
13,3
2,2
2,1
2,3
90,2
90,1
90,0
88,4
88,3
88,2
88,1
88,0
87,5
87,4
87,3
87,2
87,1
86,6
86,5
86,4
86,3
86,2
86,1
86,0
85,14
85,13
85,12
85,11
85,1
83,8
83,7
83,6
83,5
83,1
82,4
82,3
82,2
82,1
82,0
79,41
79,40
79,39
79,38
79,37
79,36
79,35
79,34
79,33
79,32
79,31
79,30
79,29
79,28
79,27
79,26
79,25
79,24
79,23
79,22
79,21
79,20
79,19
79,18
79,17
79,16
79,15
79,14
79,13
79,12
79,11
79,10
79,9
79,8
79,7
79,6
79,5
79,4
79,1
77,7
77,6
77,5
77,1
76,9
76,8
76,7
76,6
76,1
69,9
69,8
69,7
69,1
68,6
68,5
68,1
67,6
67,5
67,4
67,1
59,12
59,11
59,10
59,9
59,8
59,7
59,6
59,5
59,4
59,1
56,11
56,10
56,9
56,8
56,7
56,6
56,4
56,1
49,8
49,7
49,6
49,3
49,1
45,7
45,6
45,5
